0.8748649765467299, 2018-11-06 10:23:33.263904
0.8733086588215491, 2018-11-06 10:23:33.297624
0.8734152270703359, 2018-11-06 10:23:33.324866
0.8761200207941456, 2018-11-06 10:23:33.350667
0.8759608442752622, 2018-11-06 10:23:33.376139
0.8818735175927975, 2018-11-06 10:23:33.401681
0.8730206923004304, 2018-11-06 10:23:33.429537
0.8727822809557125, 2018-11-06 10:23:33.454879
0.8786584123224701, 2018-11-06 10:23:33.480403
0.8835248183287291, 2018-11-06 10:23:33.511843
0.8816691058100496, 2018-11-06 10:23:33.536994
0.877826824675675, 2018-11-06 10:23:33.562477
0.8732891045416956, 2018-11-06 10:23:33.588645
0.8785429818391775, 2018-11-06 10:23:33.629169
0.8789009263619152, 2018-11-06 10:23:33.671387
0.8768218352119764, 2018-11-06 10:23:33.705870
0.877760857121904, 2018-11-06 10:23:33.729334
0.8731050749289043, 2018-11-06 10:23:33.751334
0.8846402110966592, 2018-11-06 10:23:33.773750
0.8782055583669361, 2018-11-06 10:23:33.800534
0.8846105645998918, 2018-11-06 10:23:33.823877
0.8773948389601972, 2018-11-06 10:23:33.849520
0.8747779700731804, 2018-11-06 10:23:33.874986
0.8758448541091001, 2018-11-06 10:23:33.895705
0.8803011527394846, 2018-11-06 10:23:33.920523
0.8753204099657974, 2018-11-06 10:23:33.946352
0.868474949718689, 2018-11-06 10:23:33.971259
0.8670110780806771, 2018-11-06 10:23:33.996564
0.8733865644585536, 2018-11-06 10:23:34.021786
0.8728314503033979, 2018-11-06 10:23:34.047689
0.8730858574341925, 2018-11-06 10:23:34.073251
0.8772626640642867, 2018-11-06 10:23:34.098717
0.8741622047443782, 2018-11-06 10:23:34.123750
0.8699597217290451, 2018-11-06 10:23:34.150185
0.8742818951066976, 2018-11-06 10:23:34.176163
0.8795615910731607, 2018-11-06 10:23:34.201308
0.8792061188208945, 2018-11-06 10:23:34.226937
0.8848990703940426, 2018-11-06 10:23:34.252382
0.8799159713746224, 2018-11-06 10:23:34.277803
0.871250600335723, 2018-11-06 10:23:34.303179
0.8751986822988365, 2018-11-06 10:23:34.328665
0.8803075173981437, 2018-11-06 10:23:34.354227
0.8764437957191528, 2018-11-06 10:23:34.379603
0.8764552888907283, 2018-11-06 10:23:34.407262
0.8754961786802196, 2018-11-06 10:23:34.448319
0.8712233032230181, 2018-11-06 10:23:34.489228
0.872716717516221, 2018-11-06 10:23:34.519122
0.8760355203407635, 2018-11-06 10:23:34.544464
0.8715660969963268, 2018-11-06 10:23:34.570375
0.871462106869053, 2018-11-06 10:23:34.595360
0.8791978479493542, 2018-11-06 10:23:34.620483
0.8732899235779096, 2018-11-06 10:23:34.646264
0.8670026221252178, 2018-11-06 10:23:34.671355
0.8709881295119015, 2018-11-06 10:23:34.696961
0.8721105688015672, 2018-11-06 10:23:34.721956
0.8735274116765586, 2018-11-06 10:23:34.747652
0.8763847973327188, 2018-11-06 10:23:34.772950
0.8740013759109002, 2018-11-06 10:23:34.798551
0.8827851215269417, 2018-11-06 10:23:34.823129
0.8765240407520297, 2018-11-06 10:23:34.847780
0.8748771717509493, 2018-11-06 10:23:34.873256
0.8769031331993296, 2018-11-06 10:23:34.897589
0.8737026883415226, 2018-11-06 10:23:34.922863
0.8757011805742579, 2018-11-06 10:23:34.947836
0.8630231583693838, 2018-11-06 10:23:34.972810
0.8809181413691998, 2018-11-06 10:23:34.998004
0.8749326271277317, 2018-11-06 10:23:35.023538
0.8734791344834694, 2018-11-06 10:23:35.048459
0.8803778979757335, 2018-11-06 10:23:35.074180
0.8681248933862081, 2018-11-06 10:23:35.100104
0.875228477348514, 2018-11-06 10:23:35.125085
0.87503439971879, 2018-11-06 10:23:35.149783
0.8764714402824534, 2018-11-06 10:23:35.175821
0.8754752435261263, 2018-11-06 10:23:35.200149
0.8716477484197009, 2018-11-06 10:23:35.234158
0.8746299983153416, 2018-11-06 10:23:35.275708
0.8744144524050881, 2018-11-06 10:23:35.312725
0.8695305453260777, 2018-11-06 10:23:35.337210
0.8712745786727312, 2018-11-06 10:23:35.370028
0.8864942426091146, 2018-11-06 10:23:35.394733
0.8748158192932382, 2018-11-06 10:23:35.416361
0.8744110100552073, 2018-11-06 10:23:35.441289
0.8742991092623681, 2018-11-06 10:23:35.465749
0.87956525044637, 2018-11-06 10:23:35.490829
0.8716049063108988, 2018-11-06 10:23:35.515575
0.8814187314441905, 2018-11-06 10:23:35.540202
0.8729304293607463, 2018-11-06 10:23:35.564531
0.87736698571651, 2018-11-06 10:23:35.589427
0.8785302269088058, 2018-11-06 10:23:35.613852
0.8700346388443402, 2018-11-06 10:23:35.638714
0.8847086974433845, 2018-11-06 10:23:35.663436
0.8801325402366872, 2018-11-06 10:23:35.687219
0.8783291426696794, 2018-11-06 10:23:35.712304
0.8774416100401474, 2018-11-06 10:23:35.738544
0.8728018807360336, 2018-11-06 10:23:35.763105
0.8767658195036508, 2018-11-06 10:23:35.790758
0.8733352765093242, 2018-11-06 10:23:35.816518
0.8791761534903682, 2018-11-06 10:23:35.841356
0.872966071364221, 2018-11-06 10:23:35.866834
0.8767269327084034, 2018-11-06 10:23:35.894669
0.8750786745941368, 2018-11-06 10:23:35.920182
0.8695282489625429, 2018-11-06 10:23:35.942947
0.8662877269197385, 2018-11-06 10:23:35.964825
0.8765413128745341, 2018-11-06 10:23:35.991911
0.8855782791445284, 2018-11-06 10:23:36.014165
0.8741561703616963, 2018-11-06 10:23:36.049818
0.8849032128744635, 2018-11-06 10:23:36.084379
0.8670898932435367, 2018-11-06 10:23:36.122127
0.8786759816627729, 2018-11-06 10:23:36.147761
0.8749154254366662, 2018-11-06 10:23:36.169736
0.8773364480344024, 2018-11-06 10:23:36.195291
0.8690901838088646, 2018-11-06 10:23:36.221145
0.8835310248414893, 2018-11-06 10:23:36.244394
0.878804824063079, 2018-11-06 10:23:36.269556
0.8802251118221406, 2018-11-06 10:23:36.292606
0.87534274472898, 2018-11-06 10:23:36.317460
0.8693998828785188, 2018-11-06 10:23:36.339549
0.8797858350956318, 2018-11-06 10:23:36.364833
0.879787765941122, 2018-11-06 10:23:36.386865
0.8716509623477411, 2018-11-06 10:23:36.409167
0.8770423962666175, 2018-11-06 10:23:36.430625
0.8772898412024328, 2018-11-06 10:23:36.452093
0.8645790322131676, 2018-11-06 10:23:36.473883
0.8741392602312393, 2018-11-06 10:23:36.495942
0.8736423450123032, 2018-11-06 10:23:36.518339
0.8700977670062845, 2018-11-06 10:23:36.539922
0.8748627282502982, 2018-11-06 10:23:36.565672
0.8724444399525612, 2018-11-06 10:23:36.587233
0.8730500496416169, 2018-11-06 10:23:36.608606
0.8780364416137102, 2018-11-06 10:23:36.633487
0.8679820021090645, 2018-11-06 10:23:36.655035
0.8769446289738434, 2018-11-06 10:23:36.676497
0.8769584944460828, 2018-11-06 10:23:36.701377
0.8718149595199263, 2018-11-06 10:23:36.723776
0.8746062482715785, 2018-11-06 10:23:36.745236
0.8887203664440018, 2018-11-06 10:23:36.770263
0.8776510812839126, 2018-11-06 10:23:36.795431
0.8738355381343814, 2018-11-06 10:23:36.816614
0.8651030981220686, 2018-11-06 10:23:36.841819
0.8707706211330561, 2018-11-06 10:23:36.863225
0.8845596242079101, 2018-11-06 10:23:36.884635
0.8757784309988397, 2018-11-06 10:23:36.906280
0.8783741336252031, 2018-11-06 10:23:36.928697
0.8657944289662023, 2018-11-06 10:23:36.949940
0.8717124691764447, 2018-11-06 10:23:36.971485
0.8760001393082913, 2018-11-06 10:23:36.993075
0.8754425632605178, 2018-11-06 10:23:37.014421
0.869081473748666, 2018-11-06 10:23:37.037340
0.8622982245232212, 2018-11-06 10:23:37.058971
0.8768108566870256, 2018-11-06 10:23:37.080134
0.8744140434137325, 2018-11-06 10:23:37.102930
0.8716197115235625, 2018-11-06 10:23:37.124618
0.8760355203407635, 2018-11-06 10:23:37.149068
0.8724426978130166, 2018-11-06 10:23:37.172204
0.8836256013048753, 2018-11-06 10:23:37.193925
0.8794978884334926, 2018-11-06 10:23:37.218851
0.8779707274216955, 2018-11-06 10:23:37.241172
0.8825225691570521, 2018-11-06 10:23:37.262620
0.8840136500832313, 2018-11-06 10:23:37.283973
0.8715775861012347, 2018-11-06 10:23:37.305570
0.8786862924633849, 2018-11-06 10:23:37.327212
0.86531290425587, 2018-11-06 10:23:37.352036
0.874633337581116, 2018-11-06 10:23:37.373749
0.8754813368990483, 2018-11-06 10:23:37.395294
0.8754986636327525, 2018-11-06 10:23:37.416645
0.8825033878877357, 2018-11-06 10:23:37.439524
0.8870917724583033, 2018-11-06 10:23:37.461024
0.8728499905257753, 2018-11-06 10:23:37.482443
0.8645930959924014, 2018-11-06 10:23:37.504189
0.880460627737551, 2018-11-06 10:23:37.525848
0.8631543717852636, 2018-11-06 10:23:37.551913
0.8693857597381813, 2018-11-06 10:23:37.573773
0.8782281251675772, 2018-11-06 10:23:37.595120
0.8714622778593877, 2018-11-06 10:23:37.616310
0.8636961755392067, 2018-11-06 10:23:37.637897
0.8766185572577969, 2018-11-06 10:23:37.662597
0.877907622232968, 2018-11-06 10:23:37.689120
0.8788062144676578, 2018-11-06 10:23:37.714784
0.8751562523973816, 2018-11-06 10:23:37.740905
0.8776293485898045, 2018-11-06 10:23:37.764863
0.8793125485040547, 2018-11-06 10:23:37.789201
0.8784307592371503, 2018-11-06 10:23:37.814575
0.8795166947459397, 2018-11-06 10:23:37.840294
0.8771541849244074, 2018-11-06 10:23:37.864953
0.8672665740381548, 2018-11-06 10:23:37.886781
0.8696813380152972, 2018-11-06 10:23:37.911309
0.8722073061862944, 2018-11-06 10:23:37.936460
0.8788928899809242, 2018-11-06 10:23:37.959029
0.8623673447582825, 2018-11-06 10:23:37.983390
0.8828693135302682, 2018-11-06 10:23:38.008485
0.8729416615284596, 2018-11-06 10:23:38.030123
0.8776728134398815, 2018-11-06 10:23:38.052041
0.8756034337069232, 2018-11-06 10:23:38.077241
0.8796730934711517, 2018-11-06 10:23:38.103198
0.8814176832788743, 2018-11-06 10:23:38.128117
0.8829035754191134, 2018-11-06 10:23:38.153239
0.8718309575924026, 2018-11-06 10:23:38.178329
0.8803394415608711, 2018-11-06 10:23:38.203138
0.8668154700314513, 2018-11-06 10:23:38.225105
0.8858539548634577, 2018-11-06 10:23:38.249574
0.8766090040739711, 2018-11-06 10:23:38.275497
0.8769962155772628, 2018-11-06 10:23:38.300477
0.8704174820814122, 2018-11-06 10:23:38.322474
0.8679670661751993, 2018-11-06 10:23:38.347021
0.872418546618192, 2018-11-06 10:23:38.370305
0.8731766504016822, 2018-11-06 10:23:38.391998
0.88456872092163, 2018-11-06 10:23:38.416392
0.8740000460600678, 2018-11-06 10:23:38.441655
0.8710811939104356, 2018-11-06 10:23:38.463078
0.8741706596285742, 2018-11-06 10:23:38.487840
0.8689272500765517, 2018-11-06 10:23:38.512830
0.8751253991869182, 2018-11-06 10:23:38.537720
0.8783729461107389, 2018-11-06 10:23:38.562385
0.8778945864915388, 2018-11-06 10:23:38.587581
0.8720259532347241, 2018-11-06 10:23:38.612188
0.8764489982681517, 2018-11-06 10:23:38.637014
0.8748172160378048, 2018-11-06 10:23:38.662082
0.8813146865046061, 2018-11-06 10:23:38.689464
0.8780467938659777, 2018-11-06 10:23:38.713722
0.8707044954832509, 2018-11-06 10:23:38.738974
0.8660356931378682, 2018-11-06 10:23:38.763775
0.8758856854881928, 2018-11-06 10:23:38.791599
0.8771575825328531, 2018-11-06 10:23:38.816347
0.8706738952686667, 2018-11-06 10:23:38.841104
0.8757659420747971, 2018-11-06 10:23:38.865691
0.8795450559377271, 2018-11-06 10:23:38.891743
0.8735521463071395, 2018-11-06 10:23:38.916249
0.8749081699685319, 2018-11-06 10:23:38.943591
0.8770719927660955, 2018-11-06 10:23:38.983022
0.8664048589586901, 2018-11-06 10:23:39.023042
0.8681510864249257, 2018-11-06 10:23:39.053643
0.8778481450895121, 2018-11-06 10:23:39.075800
0.8715250632424062, 2018-11-06 10:23:39.101450
0.8717511010410542, 2018-11-06 10:23:39.126429
0.886609074872156, 2018-11-06 10:23:39.151436
0.8839984793218418, 2018-11-06 10:23:39.176182
0.8756866825985621, 2018-11-06 10:23:39.201920
0.8730387164594502, 2018-11-06 10:23:39.227158
0.8804401152726222, 2018-11-06 10:23:39.251898
0.8718253172798422, 2018-11-06 10:23:39.276695
0.8656331815918243, 2018-11-06 10:23:39.302953
0.8744085901773774, 2018-11-06 10:23:39.327798
0.8719213685315417, 2018-11-06 10:23:39.352506
0.8742627034801096, 2018-11-06 10:23:39.377726
0.8801521794993487, 2018-11-06 10:23:39.403509
0.8808378229655381, 2018-11-06 10:23:39.425587
0.8861833207801135, 2018-11-06 10:23:39.447371
0.8901051459726504, 2018-11-06 10:23:39.472024
0.8744579407276393, 2018-11-06 10:23:39.493779
0.8640973130675158, 2018-11-06 10:23:39.518972
0.8678867167413086, 2018-11-06 10:23:39.543837
0.8714818047349235, 2018-11-06 10:23:39.568492
0.8732666831269925, 2018-11-06 10:23:39.590300
0.8732522471169938, 2018-11-06 10:23:39.612797
0.87059715040237, 2018-11-06 10:23:39.637543
0.8648164656969218, 2018-11-06 10:23:39.659409
0.87913808520052, 2018-11-06 10:23:39.683942
0.8695800356276135, 2018-11-06 10:23:39.709764
0.8667465325993934, 2018-11-06 10:23:39.734575
0.8655520645979037, 2018-11-06 10:23:39.768623
0.874757256215306, 2018-11-06 10:23:39.804424
0.873109444033873, 2018-11-06 10:23:39.843978
0.8815010930539785, 2018-11-06 10:23:39.868527
0.8838279757705679, 2018-11-06 10:23:39.892979
0.8757484845064746, 2018-11-06 10:23:39.918833
0.8728952297470604, 2018-11-06 10:23:39.940860
0.8734088463083903, 2018-11-06 10:23:39.962300
0.8750417222566303, 2018-11-06 10:23:39.987209
0.8831535963219252, 2018-11-06 10:23:40.008480
0.8725283318103239, 2018-11-06 10:23:40.032927
0.8704484679270033, 2018-11-06 10:23:40.054422
0.8769031331993296, 2018-11-06 10:23:40.075831
0.871445383852226, 2018-11-06 10:23:40.097229
0.8641118675325525, 2018-11-06 10:23:40.120788
0.880049339395963, 2018-11-06 10:23:40.142227
0.8790292272363092, 2018-11-06 10:23:40.163500
0.8736099373210332, 2018-11-06 10:23:40.185606
0.8709832365128722, 2018-11-06 10:23:40.210481
0.8723240533402422, 2018-11-06 10:23:40.235710
0.8725590719212106, 2018-11-06 10:23:40.260749
0.8783087500824206, 2018-11-06 10:23:40.282643
0.8772987755027164, 2018-11-06 10:23:40.304328
0.8776533224373825, 2018-11-06 10:23:40.327384
0.8803358192591707, 2018-11-06 10:23:40.352434
0.8772989113849081, 2018-11-06 10:23:40.373894
0.8714521209753145, 2018-11-06 10:23:40.398775
0.876435498779728, 2018-11-06 10:23:40.420389
0.8772264831926152, 2018-11-06 10:23:40.445367
0.87466444665881, 2018-11-06 10:23:40.467106
0.869793730103259, 2018-11-06 10:23:40.488718
0.8664682859702331, 2018-11-06 10:23:40.513293
0.8766090040739711, 2018-11-06 10:23:40.540015
0.8790799117711666, 2018-11-06 10:23:40.564199
0.8740182887090838, 2018-11-06 10:23:40.588890
0.8685678030284346, 2018-11-06 10:23:40.613588
0.8752820037355875, 2018-11-06 10:23:40.639914
0.8805703240796383, 2018-11-06 10:23:40.664334
0.8731196499048265, 2018-11-06 10:23:40.689465
0.8707200005505936, 2018-11-06 10:23:40.714043
0.8806457260432704, 2018-11-06 10:23:40.740710
0.8692393043305475, 2018-11-06 10:23:40.765722
0.8706789269214543, 2018-11-06 10:23:40.791621
0.8867241611399631, 2018-11-06 10:23:40.816236
0.8691371617623241, 2018-11-06 10:23:40.842632
0.8699332405653127, 2018-11-06 10:23:40.867251
0.8730335277245419, 2018-11-06 10:23:40.891914
0.8775539251750393, 2018-11-06 10:23:40.916820
0.876862213248177, 2018-11-06 10:23:40.943324
0.8626083236893289, 2018-11-06 10:23:40.968078
0.8808103154428122, 2018-11-06 10:23:40.993165
0.8746975648552384, 2018-11-06 10:23:41.017769
0.8753525841008322, 2018-11-06 10:23:41.044302
0.8658326020542125, 2018-11-06 10:23:41.069668
0.8823792398731608, 2018-11-06 10:23:41.094531
0.8864569928838604, 2018-11-06 10:23:41.120522
0.8827678702897251, 2018-11-06 10:23:41.143725
0.8819606350658317, 2018-11-06 10:23:41.168450
0.8891513411343136, 2018-11-06 10:23:41.193088
0.886100284483037, 2018-11-06 10:23:41.217986
0.8759213093116306, 2018-11-06 10:23:41.243857
0.8647369263656858, 2018-11-06 10:23:41.277204
0.8982567978624812, 2018-11-06 10:23:41.319687
0.8569991822967723, 2018-11-06 10:23:41.359212
0.8766331758073014, 2018-11-06 10:23:41.383289
0.8767356008060259, 2018-11-06 10:23:41.408553
0.8789722333087635, 2018-11-06 10:23:41.433010
0.8780874889140651, 2018-11-06 10:23:41.459080
0.8766396010926368, 2018-11-06 10:23:41.483902
0.8803387983495079, 2018-11-06 10:23:41.508739
0.8802418711817017, 2018-11-06 10:23:41.533362
0.8783801390309046, 2018-11-06 10:23:41.560363
0.8807262311571056, 2018-11-06 10:23:41.585268
0.8675131315287316, 2018-11-06 10:23:41.610202
0.8717151700438804, 2018-11-06 10:23:41.635558
0.8745028922925768, 2018-11-06 10:23:41.658320
0.8902965073707352, 2018-11-06 10:23:41.683053
0.8763128377283799, 2018-11-06 10:23:41.711189
0.8732261388332497, 2018-11-06 10:23:41.735931
0.8674375156468827, 2018-11-06 10:23:41.761594
0.8706335725382797, 2018-11-06 10:23:41.784190
0.8667682974781751, 2018-11-06 10:23:41.808933
0.8925500777698159, 2018-11-06 10:23:41.833503
0.8794375699793999, 2018-11-06 10:23:41.860051
0.8783953050421923, 2018-11-06 10:23:41.884952
0.8641831187929452, 2018-11-06 10:23:41.909799
0.8713250302225851, 2018-11-06 10:23:41.934981
0.8773004400581136, 2018-11-06 10:23:41.960906
0.88187936399206, 2018-11-06 10:23:41.985756
0.8791996444977379, 2018-11-06 10:23:42.011022
0.8752020874987085, 2018-11-06 10:23:42.036188
0.8783149595226862, 2018-11-06 10:23:42.064098
0.8671656081726996, 2018-11-06 10:23:42.104055
0.8812585167439463, 2018-11-06 10:23:42.143692
0.8706949800954953, 2018-11-06 10:23:42.179020
0.873477735599228, 2018-11-06 10:23:42.213105
0.8786111632997112, 2018-11-06 10:23:42.252243
0.877409920103637, 2018-11-06 10:23:42.292613
0.8741077233277379, 2018-11-06 10:23:42.326798
0.8804023047408804, 2018-11-06 10:23:42.360624
0.8730153669095052, 2018-11-06 10:23:42.383259
0.8687016439358858, 2018-11-06 10:23:42.405275
0.8803716692338143, 2018-11-06 10:23:42.427161
0.8811266508418418, 2018-11-06 10:23:42.448767
0.8645021254919872, 2018-11-06 10:23:42.470722
0.8839903207158397, 2018-11-06 10:23:42.493217
0.8703617390207655, 2018-11-06 10:23:42.514808
0.8749180482906216, 2018-11-06 10:23:42.536990
0.8699676350898468, 2018-11-06 10:23:42.558763
0.8761451244309806, 2018-11-06 10:23:42.581231
0.8788912623505093, 2018-11-06 10:23:42.603084
0.8804508454500241, 2018-11-06 10:23:42.625218
0.8786911086511615, 2018-11-06 10:23:42.646921
0.872908886409735, 2018-11-06 10:23:42.668655
0.8687313873712235, 2018-11-06 10:23:42.691299
0.8732133744993145, 2018-11-06 10:23:42.713123
0.880911408978823, 2018-11-06 10:23:42.734770
0.8744047728916934, 2018-11-06 10:23:42.756252
0.8745699575042584, 2018-11-06 10:23:42.778508
0.891506795871183, 2018-11-06 10:23:42.804201
0.8727175712384889, 2018-11-06 10:23:42.825848
0.8676256670886763, 2018-11-06 10:23:42.847202
0.8749098390721638, 2018-11-06 10:23:42.868785
0.8848341016396627, 2018-11-06 10:23:42.891502
0.8773503073144101, 2018-11-06 10:23:42.912968
0.8786355852224005, 2018-11-06 10:23:42.934537
0.8691489229984849, 2018-11-06 10:23:42.956142
0.8834516186660428, 2018-11-06 10:23:42.978001
0.8909532711649563, 2018-11-06 10:23:43.000376
0.8715117610525187, 2018-11-06 10:23:43.021981
0.871692776522958, 2018-11-06 10:23:43.043663
0.8739663217306017, 2018-11-06 10:23:43.065287
0.8731381498751472, 2018-11-06 10:23:43.086746
0.8752059013068365, 2018-11-06 10:23:43.111890
0.875563372036801, 2018-11-06 10:23:43.137073
0.8770824243596699, 2018-11-06 10:23:43.158710
0.8748219172592295, 2018-11-06 10:23:43.180424
0.8810816313154899, 2018-11-06 10:23:43.202908
0.8783384057018557, 2018-11-06 10:23:43.224065
0.8754338142740652, 2018-11-06 10:23:43.245594
0.8767917204155313, 2018-11-06 10:23:43.266829
0.8842806465849763, 2018-11-06 10:23:43.289674
0.8781167108001988, 2018-11-06 10:23:43.314177
0.8743813234854507, 2018-11-06 10:23:43.339089
0.8740921078775932, 2018-11-06 10:23:43.363151
0.875120801761116, 2018-11-06 10:23:43.387394
0.8795459369158973, 2018-11-06 10:23:43.412909
0.8720315580738305, 2018-11-06 10:23:43.437494
0.8788494854716071, 2018-11-06 10:23:43.462132
0.8756484626060803, 2018-11-06 10:23:43.486593
0.8821042350799708, 2018-11-06 10:23:43.512130
0.8742321255421734, 2018-11-06 10:23:43.533993
0.8772213192282081, 2018-11-06 10:23:43.555638
0.871360874701242, 2018-11-06 10:23:43.577287
0.8758698975806541, 2018-11-06 10:23:43.601677
0.88121773139908, 2018-11-06 10:23:43.626795
0.8729655592767739, 2018-11-06 10:23:43.651806
0.875974691297559, 2018-11-06 10:23:43.676386
0.8740185955915116, 2018-11-06 10:23:43.700936
0.8880478900505273, 2018-11-06 10:23:43.726152
0.8741184630496632, 2018-11-06 10:23:43.747853
0.8852676752432549, 2018-11-06 10:23:43.769808
0.8658131198769313, 2018-11-06 10:23:43.792666
0.8738875128900983, 2018-11-06 10:23:43.815333
0.8663178972439826, 2018-11-06 10:23:43.837947
0.8742071033346283, 2018-11-06 10:23:43.862638
0.8823382698971095, 2018-11-06 10:23:43.887392
0.8704108054288011, 2018-11-06 10:23:43.909733
0.8820534202418119, 2018-11-06 10:23:43.934488
0.8810172267316415, 2018-11-06 10:23:43.959285
0.8769530570321173, 2018-11-06 10:23:43.981860
0.8708866369248279, 2018-11-06 10:23:44.007056
0.8718695500247942, 2018-11-06 10:23:44.029765
0.8779251387057143, 2018-11-06 10:23:44.054753
0.8756022764711339, 2018-11-06 10:23:44.076511
0.8621890032576439, 2018-11-06 10:23:44.101604
0.8777245270160051, 2018-11-06 10:23:44.125037
0.876841582615191, 2018-11-06 10:23:44.149569
0.8819721239273658, 2018-11-06 10:23:44.174253
0.8672224501706506, 2018-11-06 10:23:44.199019
0.8774704458688398, 2018-11-06 10:23:44.223607
0.8721764853372079, 2018-11-06 10:23:44.248427
0.8714603627657228, 2018-11-06 10:23:44.272951
0.8700854363091037, 2018-11-06 10:23:44.297725
0.8723954195999, 2018-11-06 10:23:44.319393
0.8790053587241325, 2018-11-06 10:23:44.341650
0.8848348089457203, 2018-11-06 10:23:44.366062
0.8717901072310806, 2018-11-06 10:23:44.391228
0.8772711909820179, 2018-11-06 10:23:44.415395
0.8679857103010946, 2018-11-06 10:23:44.438237
0.8851627696404073, 2018-11-06 10:23:44.459899
0.8677221145237684, 2018-11-06 10:23:44.484008
0.8786265627578077, 2018-11-06 10:23:44.524999
0.8756531933990853, 2018-11-06 10:23:44.565069
0.8765221707183471, 2018-11-06 10:23:44.592554
0.888141951966294, 2018-11-06 10:23:44.617290
0.8816276295810795, 2018-11-06 10:23:44.639922
0.878509635446908, 2018-11-06 10:23:44.664729
0.8801267160952351, 2018-11-06 10:23:44.687375
0.8834474019108631, 2018-11-06 10:23:44.709412
0.8738459401537897, 2018-11-06 10:23:44.734177
0.8741272933888418, 2018-11-06 10:23:44.760007
0.8718589876953735, 2018-11-06 10:23:44.782308
0.8653909442539768, 2018-11-06 10:23:44.804750
0.8795842247299913, 2018-11-06 10:23:44.829542
0.8663169684127321, 2018-11-06 10:23:44.853581
0.8752505420573086, 2018-11-06 10:23:44.875952
0.8540755471420445, 2018-11-06 10:23:44.900843
0.8872855639301945, 2018-11-06 10:23:44.922663
0.8746258412523791, 2018-11-06 10:23:44.948283
0.8691030429901375, 2018-11-06 10:23:44.973449
0.8717800909088598, 2018-11-06 10:23:44.998764
0.8782868300679563, 2018-11-06 10:23:45.023785
0.8726336975735229, 2018-11-06 10:23:45.049380
0.8700053852835414, 2018-11-06 10:23:45.074565
0.8723754690649759, 2018-11-06 10:23:45.099750
0.8556768085964501, 2018-11-06 10:23:45.122246
0.8790931672443537, 2018-11-06 10:23:45.147620
0.8843752776775665, 2018-11-06 10:23:45.172756
0.8768920197469923, 2018-11-06 10:23:45.197842
0.8851250598391892, 2018-11-06 10:23:45.222552
0.8650595529265055, 2018-11-06 10:23:45.247285
0.8716235410064561, 2018-11-06 10:23:45.272854
0.8741220770216547, 2018-11-06 10:23:45.309035
0.873391171013172, 2018-11-06 10:23:45.351190
0.874807915720995, 2018-11-06 10:23:45.388935
0.8721788772380922, 2018-11-06 10:23:45.413352
0.8653957311209788, 2018-11-06 10:23:45.438367
0.8736244356473147, 2018-11-06 10:23:45.462645
0.8806771303426871, 2018-11-06 10:23:45.487556
0.8781762715640528, 2018-11-06 10:23:45.512174
0.8760870924401247, 2018-11-06 10:23:45.537233
0.8690531483036976, 2018-11-06 10:23:45.561914
0.8734638489926938, 2018-11-06 10:23:45.586707
0.8759919402304766, 2018-11-06 10:23:45.611377
0.8757011805742579, 2018-11-06 10:23:45.636663
0.8671339894874002, 2018-11-06 10:23:45.658315
0.8845084113329734, 2018-11-06 10:23:45.684106
0.877695122296515, 2018-11-06 10:23:45.705784
0.8800392477538304, 2018-11-06 10:23:45.730578
0.8734422509570902, 2018-11-06 10:23:45.755579
0.8781700611431404, 2018-11-06 10:23:45.782415
0.8751911567601242, 2018-11-06 10:23:45.804157
0.8825059544197615, 2018-11-06 10:23:45.826089
0.868194888482714, 2018-11-06 10:23:45.850927
0.8769661067689959, 2018-11-06 10:23:45.872604
0.8731949102529495, 2018-11-06 10:23:45.897259
0.8635294975892758, 2018-11-06 10:23:45.922424
0.8758759882080113, 2018-11-06 10:23:45.947058
0.8790674358491075, 2018-11-06 10:23:45.971993
0.8806821048434063, 2018-11-06 10:23:45.996696
0.8746996091472606, 2018-11-06 10:23:46.021824
0.8735936989099374, 2018-11-06 10:23:46.046522
0.873064932753774, 2018-11-06 10:23:46.071253
0.868894014840021, 2018-11-06 10:23:46.102793
0.8734004522938711, 2018-11-06 10:23:46.145414
0.8635017493163448, 2018-11-06 10:23:46.187527
0.874277906828212, 2018-11-06 10:23:46.213022
0.8889287556377282, 2018-11-06 10:23:46.237714
0.8549686868967984, 2018-11-06 10:23:46.262865
0.8897704994389019, 2018-11-06 10:23:46.287599
0.8830835382079073, 2018-11-06 10:23:46.312436
0.8769858169409238, 2018-11-06 10:23:46.337153
0.8799898376745042, 2018-11-06 10:23:46.359014
0.8647685982324532, 2018-11-06 10:23:46.383358
0.8790586212322151, 2018-11-06 10:23:46.409353
0.8745846784477437, 2018-11-06 10:23:46.433930
0.8773658647747797, 2018-11-06 10:23:46.455819
0.8817114927029368, 2018-11-06 10:23:46.480384
0.8687953991999966, 2018-11-06 10:23:46.503296
0.8790910314655066, 2018-11-06 10:23:46.528106
0.8684013394311619, 2018-11-06 10:23:46.553446
0.886078489949454, 2018-11-06 10:23:46.578481
0.8803485480292171, 2018-11-06 10:23:46.604407
0.875298244873679, 2018-11-06 10:23:46.629157
0.8719425257303559, 2018-11-06 10:23:46.654346
0.8758565933255503, 2018-11-06 10:23:46.679118
0.8787220740730753, 2018-11-06 10:23:46.704892
0.8820224704085855, 2018-11-06 10:23:46.726843
0.8763298079406571, 2018-11-06 10:23:46.752094
0.8840913203029652, 2018-11-06 10:23:46.777204
0.881235621720563, 2018-11-06 10:23:46.802453
0.8753875487246713, 2018-11-06 10:23:46.827439
0.8727732321281347, 2018-11-06 10:23:46.852966
0.8777409606333416, 2018-11-06 10:23:46.877873
0.8737696444331869, 2018-11-06 10:23:46.908627
0.8648763910627805, 2018-11-06 10:23:46.948127
0.8768920537332997, 2018-11-06 10:23:46.988801
0.866725007868956, 2018-11-06 10:23:47.015971
0.8696702350817639, 2018-11-06 10:23:47.041069
0.8763152523477752, 2018-11-06 10:23:47.064217
0.8754028006255452, 2018-11-06 10:23:47.086728
0.8713711352538287, 2018-11-06 10:23:47.108922
0.8753231677951397, 2018-11-06 10:23:47.131550
0.8779746989252138, 2018-11-06 10:23:47.154645
0.8832915365179222, 2018-11-06 10:23:47.177154
0.8958978334021086, 2018-11-06 10:23:47.199054
0.8807135416844735, 2018-11-06 10:23:47.221083
0.8748354757128536, 2018-11-06 10:23:47.244099
0.8779821327168484, 2018-11-06 10:23:47.266231
0.8780405146455597, 2018-11-06 10:23:47.288266
0.8721567348191979, 2018-11-06 10:23:47.310405
0.8704616151790159, 2018-11-06 10:23:47.333210
0.8782340976373202, 2018-11-06 10:23:47.355358
0.8757912600351009, 2018-11-06 10:23:47.377622
0.8815995382150247, 2018-11-06 10:23:47.399314
0.8706639687935457, 2018-11-06 10:23:47.421370
0.8733924676686085, 2018-11-06 10:23:47.444733
0.8516098849210687, 2018-11-06 10:23:47.466207
0.8891323363860753, 2018-11-06 10:23:47.488372
0.8722007457420312, 2018-11-06 10:23:47.510421
0.8710091040843879, 2018-11-06 10:23:47.532639
0.8769388856135328, 2018-11-06 10:23:47.555714
0.8549716149464828, 2018-11-06 10:23:47.577933
0.8763342969999629, 2018-11-06 10:23:47.599473
0.8793995807847982, 2018-11-06 10:23:47.621813
0.8774804311999354, 2018-11-06 10:23:47.644881
0.8741473062212028, 2018-11-06 10:23:47.666604
0.8725364951231598, 2018-11-06 10:23:47.689511
0.8658105382834441, 2018-11-06 10:23:47.717670
0.8822768620341479, 2018-11-06 10:23:47.742959
0.8695257812218348, 2018-11-06 10:23:47.769621
0.8792082204233972, 2018-11-06 10:23:47.793319
0.8698954872408086, 2018-11-06 10:23:47.817049
0.8773875360610975, 2018-11-06 10:23:47.839305
0.8744006829242534, 2018-11-06 10:23:47.862111
0.8817105462873783, 2018-11-06 10:23:47.883911
0.8729504013522935, 2018-11-06 10:23:47.906345
0.8790723177527389, 2018-11-06 10:23:47.928666
0.8855039703112122, 2018-11-06 10:23:47.950586
0.8779314866434742, 2018-11-06 10:23:47.973548
0.8692953593498943, 2018-11-06 10:23:47.995907
0.8785164540898815, 2018-11-06 10:23:48.017912
0.8805429097366302, 2018-11-06 10:23:48.040813
0.8699517397813772, 2018-11-06 10:23:48.063828
0.8759662538259961, 2018-11-06 10:23:48.086161
0.8851284268510451, 2018-11-06 10:23:48.108310
0.8801702607778586, 2018-11-06 10:23:48.130212
0.8862726374910788, 2018-11-06 10:23:48.156652
0.8710492725735178, 2018-11-06 10:23:48.180476
0.8651728554376124, 2018-11-06 10:23:48.205604
0.8690906981797686, 2018-11-06 10:23:48.230524
0.8776557333688164, 2018-11-06 10:23:48.252884
0.8712703029833786, 2018-11-06 10:23:48.275755
0.8827476815252936, 2018-11-06 10:23:48.300286
0.8760430726453193, 2018-11-06 10:23:48.325016
0.8802093001742197, 2018-11-06 10:23:48.349421
0.8800458174937338, 2018-11-06 10:23:48.375757
0.8782440064179844, 2018-11-06 10:23:48.400241
0.8807633848816394, 2018-11-06 10:23:48.424910
0.8831805584406428, 2018-11-06 10:23:48.449308
0.8696810296023909, 2018-11-06 10:23:48.475600
0.880599565104824, 2018-11-06 10:23:48.499874
0.8710251169579687, 2018-11-06 10:23:48.524747
0.8718207366355183, 2018-11-06 10:23:48.549044
0.88247475028726, 2018-11-06 10:23:48.574126
0.8775380314358823, 2018-11-06 10:23:48.598596
0.8778536788065512, 2018-11-06 10:23:48.623267
0.869573009821454, 2018-11-06 10:23:48.647998
0.8702598651742159, 2018-11-06 10:23:48.673002
0.8436568526668454, 2018-11-06 10:23:48.697530
0.7961108714051058, 2018-11-06 10:23:48.722168
0.8411367354870415, 2018-11-06 10:23:48.746688
0.8742349208941829, 2018-11-06 10:23:48.768820
0.8981331019344715, 2018-11-06 10:23:48.795381
0.8498765547253258, 2018-11-06 10:23:48.825243
0.868663013686489, 2018-11-06 10:23:48.849726
0.8702084956870286, 2018-11-06 10:23:48.874985
0.8739976932420994, 2018-11-06 10:23:48.900591
0.8793258682548195, 2018-11-06 10:23:48.925297
0.8813316956657319, 2018-11-06 10:23:48.949723
0.884109691817957, 2018-11-06 10:23:48.974954
0.8809935135640472, 2018-11-06 10:23:49.001188
0.8783457346251242, 2018-11-06 10:23:49.026007
0.8747018578629668, 2018-11-06 10:23:49.050611
0.8795125268951631, 2018-11-06 10:23:49.075746
0.8778234296575256, 2018-11-06 10:23:49.101629
0.876483035098037, 2018-11-06 10:23:49.133361
0.887657374545988, 2018-11-06 10:23:49.173170
0.8810773017431749, 2018-11-06 10:23:49.214483
0.8678419375895712, 2018-11-06 10:23:49.254652
0.8650822904065008, 2018-11-06 10:23:49.293919
0.8617029390933728, 2018-11-06 10:23:49.327856
0.8763951350891459, 2018-11-06 10:23:49.354404
0.8726153235200201, 2018-11-06 10:23:49.376061
0.8761924724224157, 2018-11-06 10:23:49.397235
0.860174639346757, 2018-11-06 10:23:49.419444
0.8749526556012972, 2018-11-06 10:23:49.440845
0.8650658919204041, 2018-11-06 10:23:49.462269
0.8734227337894159, 2018-11-06 10:23:49.483397
0.8770724684766458, 2018-11-06 10:23:49.504776
0.8766214469904027, 2018-11-06 10:23:49.529834
0.881353675208845, 2018-11-06 10:23:49.551279
0.8708078573841442, 2018-11-06 10:23:49.573928
0.8848819614076755, 2018-11-06 10:23:49.599961
0.8830010879419176, 2018-11-06 10:23:49.626184
0.8696692412937644, 2018-11-06 10:23:49.650939
0.8785219835973129, 2018-11-06 10:23:49.672676
0.8840751395699056, 2018-11-06 10:23:49.694417
0.8707825656554425, 2018-11-06 10:23:49.717425
0.8710163236001583, 2018-11-06 10:23:49.739300
0.8832167653477654, 2018-11-06 10:23:49.763817
0.8626487797111557, 2018-11-06 10:23:49.786221
0.8718007729493872, 2018-11-06 10:23:49.808268
0.8705465882009954, 2018-11-06 10:23:49.833094
0.8755399876998725, 2018-11-06 10:23:49.854859
0.8767987223679394, 2018-11-06 10:23:49.876585
0.8765170026045116, 2018-11-06 10:23:49.899477
0.8730213750405075, 2018-11-06 10:23:49.924919
0.8582085061892127, 2018-11-06 10:23:49.946748
0.8834352575434914, 2018-11-06 10:23:49.968354
0.8802812121013901, 2018-11-06 10:23:49.991081
0.8801811296822584, 2018-11-06 10:23:50.017477
0.8748854834687024, 2018-11-06 10:23:50.055546
0.8792504208943106, 2018-11-06 10:23:50.095285
0.8619874260421228, 2018-11-06 10:23:50.131557
0.8839515831664346, 2018-11-06 10:23:50.158551
0.870348213599916, 2018-11-06 10:23:50.183309
0.8776558352390129, 2018-11-06 10:23:50.208284
0.8760085764534786, 2018-11-06 10:23:50.234318
0.8692169841698363, 2018-11-06 10:23:50.259626
0.8740404862600497, 2018-11-06 10:23:50.285722
0.8772970769735454, 2018-11-06 10:23:50.310603
0.8751426648592583, 2018-11-06 10:23:50.337009
0.8736390360715648, 2018-11-06 10:23:50.362203
0.8697614873953705, 2018-11-06 10:23:50.387096
0.8735268999181859, 2018-11-06 10:23:50.411969
0.8712282290810339, 2018-11-06 10:23:50.438358
0.8680528670375304, 2018-11-06 10:23:50.463342
0.8831210652106463, 2018-11-06 10:23:50.488449
0.8806053522759567, 2018-11-06 10:23:50.513207
0.8736354883273666, 2018-11-06 10:23:50.539867
0.8738350265564618, 2018-11-06 10:23:50.564663
0.8660740276460596, 2018-11-06 10:23:50.589565
0.8723412719669501, 2018-11-06 10:23:50.614352
0.8674827966440889, 2018-11-06 10:23:50.640720
0.8681399295915532, 2018-11-06 10:23:50.665428
0.8772591309744874, 2018-11-06 10:23:50.692549
0.8679725255463459, 2018-11-06 10:23:50.714596
0.855621602934286, 2018-11-06 10:23:50.737359
0.8845258644747332, 2018-11-06 10:23:50.764758
0.8768373680604407, 2018-11-06 10:23:50.787650
0.8755371965145863, 2018-11-06 10:23:50.810085
0.8697958887115769, 2018-11-06 10:23:50.835145
0.878912319586247, 2018-11-06 10:23:50.857796
0.8790818102655232, 2018-11-06 10:23:50.879266
0.8742334891296362, 2018-11-06 10:23:50.900719
0.8636395845626929, 2018-11-06 10:23:50.922496
0.872617099467732, 2018-11-06 10:23:50.944076
0.8798188960054331, 2018-11-06 10:23:50.969289
0.8776881274953369, 2018-11-06 10:23:50.990742
0.8728649111922261, 2018-11-06 10:23:51.012533
0.8896945979080079, 2018-11-06 10:23:51.034098
0.8737895290290459, 2018-11-06 10:23:51.056681
0.8764150961356185, 2018-11-06 10:23:51.078342
0.8820411891056277, 2018-11-06 10:23:51.099871
0.8817021975061238, 2018-11-06 10:23:51.121351
0.8703055814676932, 2018-11-06 10:23:51.142948
0.8730376582331235, 2018-11-06 10:23:51.169040
0.8742178077454045, 2018-11-06 10:23:51.190744
0.8769673981386488, 2018-11-06 10:23:51.212288
0.875279007433998, 2018-11-06 10:23:51.234000
0.8816897586894442, 2018-11-06 10:23:51.255514
0.8792519800696965, 2018-11-06 10:23:51.280682
0.8839472339360932, 2018-11-06 10:23:51.302295
0.8839202277710388, 2018-11-06 10:23:51.323948
0.8735771190443267, 2018-11-06 10:23:51.345571
0.8751467513590718, 2018-11-06 10:23:51.371940
0.8728057733229437, 2018-11-06 10:23:51.393682
0.8719619051372716, 2018-11-06 10:23:51.415081
0.8713533160168832, 2018-11-06 10:23:51.436728
0.8789679950642107, 2018-11-06 10:23:51.458792
0.870790642660819, 2018-11-06 10:23:51.483500
0.8729619746562328, 2018-11-06 10:23:51.505318
0.8760638581563618, 2018-11-06 10:23:51.527338
0.8834067513586819, 2018-11-06 10:23:51.552513
0.8812357908144965, 2018-11-06 10:23:51.575352
0.8637059405581993, 2018-11-06 10:23:51.597072
0.8747695891963433, 2018-11-06 10:23:51.619062
0.8851972794345742, 2018-11-06 10:23:51.641020
0.878880106219239, 2018-11-06 10:23:51.663120
0.8704318623900157, 2018-11-06 10:23:51.688161
0.8763552116322216, 2018-11-06 10:23:51.712870
0.8686913518525885, 2018-11-06 10:23:51.738218
0.861560781461256, 2018-11-06 10:23:51.760357
0.8751856062082065, 2018-11-06 10:23:51.786958
0.8892248089332057, 2018-11-06 10:23:51.811611
0.8628772808820123, 2018-11-06 10:23:51.836931
0.8775033223124589, 2018-11-06 10:23:51.858860
0.8752867705578861, 2018-11-06 10:23:51.884358
0.874633337581116, 2018-11-06 10:23:51.906143
0.8904556983517379, 2018-11-06 10:23:51.930922
0.8915151865505948, 2018-11-06 10:23:51.952951
0.8753254830031874, 2018-11-06 10:23:51.977821
0.8748813957485277, 2018-11-06 10:23:52.002614
0.8749546992973115, 2018-11-06 10:23:52.024729
0.8807643661518451, 2018-11-06 10:23:52.046491
0.8713329995900658, 2018-11-06 10:23:52.068255
0.8838569741475182, 2018-11-06 10:23:52.090992
2.2087987396800024, 2018-11-06 10:23:52.112986
3.133766732949135, 2018-11-06 10:23:52.134892
3.1836333295784023, 2018-11-06 10:23:52.160788
3.2143100472813084, 2018-11-06 10:23:52.182830
3.179943037543494, 2018-11-06 10:23:52.208262
2.776051120566015, 2018-11-06 10:23:52.232780
2.6150288469036833, 2018-11-06 10:23:52.254776
3.0564673426446816, 2018-11-06 10:23:52.279491
2.484401510804957, 2018-11-06 10:23:52.302542
3.262202939055351, 2018-11-06 10:23:52.327270
2.4846955218573648, 2018-11-06 10:23:52.351940
2.8958274529789607, 2018-11-06 10:23:52.376688
1.8691323020056172, 2018-11-06 10:23:52.402767
1.1602229089564016, 2018-11-06 10:23:52.427511
2.3628477353116395, 2018-11-06 10:23:52.452312
1.3190852900571748, 2018-11-06 10:23:52.474426
0.79730979427014, 2018-11-06 10:23:52.500481
0.8114780087385174, 2018-11-06 10:23:52.522323
0.9012576085164965, 2018-11-06 10:23:52.546806
0.8997635053811889, 2018-11-06 10:23:52.568784
0.874755450543269, 2018-11-06 10:23:52.590858
0.8775130695336986, 2018-11-06 10:23:52.615363
0.869606733173336, 2018-11-06 10:23:52.637384
0.86783819444234, 2018-11-06 10:23:52.659185
0.8825724790273838, 2018-11-06 10:23:52.684788
0.8763559257815835, 2018-11-06 10:23:52.707352
0.8722551754343923, 2018-11-06 10:23:52.729204
0.8830476970815591, 2018-11-06 10:23:52.753629
0.8758779616982935, 2018-11-06 10:23:52.775630
0.8813452554178692, 2018-11-06 10:23:52.798350
0.8796225786391261, 2018-11-06 10:23:52.822798
0.8894356934887804, 2018-11-06 10:23:52.847466
0.8732943258843991, 2018-11-06 10:23:52.869685
0.882220246818321, 2018-11-06 10:23:52.891424
0.8729779858473574, 2018-11-06 10:23:52.913980
0.8698994270926226, 2018-11-06 10:23:52.938692
0.8746091787279258, 2018-11-06 10:23:52.960763
0.8830612304838209, 2018-11-06 10:23:52.982323
0.8767386601141374, 2018-11-06 10:23:53.004224
0.8817923060846579, 2018-11-06 10:23:53.029091
0.8810619789452672, 2018-11-06 10:23:53.050855
0.8819594185893778, 2018-11-06 10:23:53.075368
0.8771969938291049, 2018-11-06 10:23:53.097034
0.8723214226867881, 2018-11-06 10:23:53.119867
0.8797430166610714, 2018-11-06 10:23:53.141882
0.8833756802562892, 2018-11-06 10:23:53.164378
0.8685851647408549, 2018-11-06 10:23:53.189238
0.8759681590686141, 2018-11-06 10:23:53.213808
0.8775139185896558, 2018-11-06 10:23:53.239084
0.8782459406532231, 2018-11-06 10:23:53.263636
0.8818434401284868, 2018-11-06 10:23:53.285559
0.8713008480476377, 2018-11-06 10:23:53.307408
0.8757349061571781, 2018-11-06 10:23:53.333499
0.8758572738550122, 2018-11-06 10:23:53.355368
0.8788634226219175, 2018-11-06 10:23:53.380101
0.8835748739612622, 2018-11-06 10:23:53.402117
0.8873040372462812, 2018-11-06 10:23:53.425344
0.872383633808222, 2018-11-06 10:23:53.446956
0.8776969898310903, 2018-11-06 10:23:53.472059
0.8813187782015824, 2018-11-06 10:23:53.494073
0.8764735484421503, 2018-11-06 10:23:53.519536
0.8727493291134907, 2018-11-06 10:23:53.544540
0.877776067785081, 2018-11-06 10:23:53.569565
0.8783150273851789, 2018-11-06 10:23:53.591241
0.8822033899155207, 2018-11-06 10:23:53.613194
0.8674772654805663, 2018-11-06 10:23:53.639172
0.8720285506036669, 2018-11-06 10:23:53.663628
0.8860612019289018, 2018-11-06 10:23:53.685797
0.88381246462024, 2018-11-06 10:23:53.707860
0.8706688978160274, 2018-11-06 10:23:53.733582
0.869790989005611, 2018-11-06 10:23:53.755424
0.867472077835523, 2018-11-06 10:23:53.777656
0.8785134009727052, 2018-11-06 10:23:53.800936
0.8843546538152386, 2018-11-06 10:23:53.828190
0.8746209004551283, 2018-11-06 10:23:53.853066
0.8774629058496549, 2018-11-06 10:23:53.874855
0.8895753062032729, 2018-11-06 10:23:53.897471
0.8736521694223002, 2018-11-06 10:23:53.920003
0.875534575515424, 2018-11-06 10:23:53.943481
0.8721220165615547, 2018-11-06 10:23:53.966044
0.8840153019948647, 2018-11-06 10:23:53.988989
0.8582377104286295, 2018-11-06 10:23:54.011643
0.8723014704594697, 2018-11-06 10:23:54.033780
0.8874431793398686, 2018-11-06 10:23:54.056462
0.8765606586076568, 2018-11-06 10:23:54.079319
0.8600642128192664, 2018-11-06 10:23:54.101719
0.8739616159067506, 2018-11-06 10:23:54.124274
0.8775522950611941, 2018-11-06 10:23:54.147580
0.8792310665522776, 2018-11-06 10:23:54.170603
0.8713426106186954, 2018-11-06 10:23:54.193211
0.879128593295372, 2018-11-06 10:23:54.216013
0.8786768974295651, 2018-11-06 10:23:54.238590
0.8739149313975824, 2018-11-06 10:23:54.261640
0.880705826395738, 2018-11-06 10:23:54.283795
0.8619568275407405, 2018-11-06 10:23:54.306395
0.8745691737433754, 2018-11-06 10:23:54.329031
0.8736544549462857, 2018-11-06 10:23:54.352426
0.8655563341028969, 2018-11-06 10:23:54.375197
0.8674852358416417, 2018-11-06 10:23:54.397619
0.8857112992693394, 2018-11-06 10:23:54.420056
0.8860893872832537, 2018-11-06 10:23:54.442985
0.8765607606051182, 2018-11-06 10:23:54.465527
0.8936441011979352, 2018-11-06 10:23:54.488057
0.8708266802507779, 2018-11-06 10:23:54.510661
0.8752719592750451, 2018-11-06 10:23:54.533105
0.8682753123694241, 2018-11-06 10:23:54.556634
0.8809260239518402, 2018-11-06 10:23:54.579004
0.8547101772724051, 2018-11-06 10:23:54.601223
0.8711841348191317, 2018-11-06 10:23:54.623938
0.8768852224590197, 2018-11-06 10:23:54.646051
0.8754463079361698, 2018-11-06 10:23:54.669465
0.8698832221965741, 2018-11-06 10:23:54.692321
0.8812407621616428, 2018-11-06 10:23:54.715035
0.8816865813548721, 2018-11-06 10:23:54.737616
0.8829686524690336, 2018-11-06 10:23:54.761114
0.8667696040411867, 2018-11-06 10:23:54.783948
0.87468570786729, 2018-11-06 10:23:54.806954
0.8728090171321075, 2018-11-06 10:23:54.829250
0.872583321688992, 2018-11-06 10:23:54.851165
0.8856729061869809, 2018-11-06 10:23:54.874071
0.8787487312730988, 2018-11-06 10:23:54.896614
0.8692145841184277, 2018-11-06 10:23:54.919200
0.8765660644567574, 2018-11-06 10:23:54.941882
0.8740101733346693, 2018-11-06 10:23:54.964943
0.8809815045124556, 2018-11-06 10:23:54.987893
0.8678155291692982, 2018-11-06 10:23:55.010530
0.8801794028559479, 2018-11-06 10:23:55.032740
0.8635381601137414, 2018-11-06 10:23:55.055371
0.8785071590112346, 2018-11-06 10:23:55.078906
0.8760653209478934, 2018-11-06 10:23:55.101198
0.8787303494227411, 2018-11-06 10:23:55.123854
0.874616913722517, 2018-11-06 10:23:55.146476
0.8804272185772137, 2018-11-06 10:23:55.170852
0.8791708653848433, 2018-11-06 10:23:55.194416
0.8743862656364525, 2018-11-06 10:23:55.219270
0.8678511065150383, 2018-11-06 10:23:55.241418
0.8608472524098025, 2018-11-06 10:23:55.263673
0.8742201599709711, 2018-11-06 10:23:55.286868
0.8811128509610404, 2018-11-06 10:23:55.308925
0.8552694916008007, 2018-11-06 10:23:55.330570
0.8689470397012891, 2018-11-06 10:23:55.352899
0.8775703959471483, 2018-11-06 10:23:55.375541
0.8701716447736636, 2018-11-06 10:23:55.397220
0.8814337437396904, 2018-11-06 10:23:55.422073
0.8748291734427078, 2018-11-06 10:23:55.447077
0.8726854024062901, 2018-11-06 10:23:55.471820
0.8701010894142506, 2018-11-06 10:23:55.496604
0.8839983107563639, 2018-11-06 10:23:55.521341
0.8841422876765598, 2018-11-06 10:23:55.546466
0.87824051121017, 2018-11-06 10:23:55.571336
0.8767008939076014, 2018-11-06 10:23:55.596337
0.8756543505675846, 2018-11-06 10:23:55.621114
0.8792090000488546, 2018-11-06 10:23:55.646319
0.87684946785677, 2018-11-06 10:23:55.671156
0.8701821248390502, 2018-11-06 10:23:55.696138
0.8777248326026061, 2018-11-06 10:23:55.720907
0.8876412588182144, 2018-11-06 10:23:55.746130
0.8758024214840674, 2018-11-06 10:23:55.769246
0.882356407705678, 2018-11-06 10:23:55.810211
0.8772227800896435, 2018-11-06 10:23:55.845772
0.8771355657964536, 2018-11-06 10:23:55.876170
0.8726199682987085, 2018-11-06 10:23:55.901146
0.8778254327198218, 2018-11-06 10:23:55.923310
0.8800050436764011, 2018-11-06 10:23:55.947837
0.8783600869227205, 2018-11-06 10:23:55.973202
0.8795641323061714, 2018-11-06 10:23:55.998956
0.8698158984130553, 2018-11-06 10:23:56.023862
0.8800465286482041, 2018-11-06 10:23:56.048481
0.874261101318162, 2018-11-06 10:23:56.070411
0.873382196739883, 2018-11-06 10:23:56.093400
0.8785575344457993, 2018-11-06 10:23:56.118355
0.8683594697239215, 2018-11-06 10:23:56.143231
0.8697700193227842, 2018-11-06 10:23:56.169877
0.8635032679016089, 2018-11-06 10:23:56.195931
0.8777769505386908, 2018-11-06 10:23:56.220836
0.8709331757896995, 2018-11-06 10:23:56.245797
0.8830407784292105, 2018-11-06 10:23:56.271264
0.8619786787848038, 2018-11-06 10:23:56.297088
0.8857927234368872, 2018-11-06 10:23:56.318794
0.8786321254912905, 2018-11-06 10:23:56.340827
0.8744586223455739, 2018-11-06 10:23:56.362714
0.8721827384356782, 2018-11-06 10:23:56.384618
0.8835101451496391, 2018-11-06 10:23:56.407401
0.8688498364172834, 2018-11-06 10:23:56.429123
0.8744166336890875, 2018-11-06 10:23:56.450921
0.8747645810730778, 2018-11-06 10:23:56.473845
0.8743989787655073, 2018-11-06 10:23:56.495714
0.8850336405723588, 2018-11-06 10:23:56.518754
0.8741658867201282, 2018-11-06 10:23:56.540797
0.8825406018715931, 2018-11-06 10:23:56.562625
0.8650074611738936, 2018-11-06 10:23:56.590502
0.8777871700446985, 2018-11-06 10:23:56.630822
0.8780637645072882, 2018-11-06 10:23:56.665383
0.8850531710799826, 2018-11-06 10:23:56.693679
0.8847444039130353, 2018-11-06 10:23:56.719500
0.8690399797437255, 2018-11-06 10:23:56.741802
0.8772462214869313, 2018-11-06 10:23:56.768304
0.8728269090839132, 2018-11-06 10:23:56.794531
0.8779792474627289, 2018-11-06 10:23:56.820801
0.8794957197517829, 2018-11-06 10:23:56.845161
0.8838319883933982, 2018-11-06 10:23:56.866744
0.872384692827898, 2018-11-06 10:23:56.891499
0.8787078633522785, 2018-11-06 10:23:56.914001
0.8850624647564097, 2018-11-06 10:23:56.936151
0.8758113709577718, 2018-11-06 10:23:56.961537
0.8756497559189368, 2018-11-06 10:23:56.983372
0.8763386840129763, 2018-11-06 10:23:57.005245
0.8805329591343456, 2018-11-06 10:23:57.030134
0.8540795250768438, 2018-11-06 10:23:57.052259
0.869454864958154, 2018-11-06 10:23:57.074357
0.8773922574772287, 2018-11-06 10:23:57.099035
0.8820824093844608, 2018-11-06 10:23:57.121700
0.8667125948021512, 2018-11-06 10:23:57.146840
0.8807074168335954, 2018-11-06 10:23:57.170012
0.8723724627804321, 2018-11-06 10:23:57.191664
0.8792001529541611, 2018-11-06 10:23:57.213486
0.8743108010599709, 2018-11-06 10:23:57.239114
0.8713797198233298, 2018-11-06 10:23:57.263825
0.8707555276770298, 2018-11-06 10:23:57.285283
0.8760453179124967, 2018-11-06 10:23:57.307223
0.8702189068147699, 2018-11-06 10:23:57.333469
0.8753476814518656, 2018-11-06 10:23:57.355654
0.8848798059213631, 2018-11-06 10:23:57.377504
0.8777467326986487, 2018-11-06 10:23:57.402299
0.8821331887683361, 2018-11-06 10:23:57.425460
0.8653903588079939, 2018-11-06 10:23:57.447167
0.8742403070350466, 2018-11-06 10:23:57.469425
0.8773661025504179, 2018-11-06 10:23:57.491466
0.8686219457204021, 2018-11-06 10:23:57.513424
0.8726184997316488, 2018-11-06 10:23:57.536264
0.8654122955427375, 2018-11-06 10:23:57.561219
0.8705938983518511, 2018-11-06 10:23:57.583134
0.8656576942301527, 2018-11-06 10:23:57.605304
0.8820762940385549, 2018-11-06 10:23:57.630117
0.8766948430050319, 2018-11-06 10:23:57.655257
0.8770300952462703, 2018-11-06 10:23:57.680744
0.8550092604063152, 2018-11-06 10:23:57.703074
0.8734161824745292, 2018-11-06 10:23:57.724870
0.8704184407760438, 2018-11-06 10:23:57.747459
0.874611700275528, 2018-11-06 10:23:57.769462
0.872418649099922, 2018-11-06 10:23:57.795306
0.8765719122559823, 2018-11-06 10:23:57.816926
0.8746280220091839, 2018-11-06 10:23:57.843235
0.879351592087873, 2018-11-06 10:23:57.868241
0.8761835608551296, 2018-11-06 10:23:57.892344
0.8658581416296735, 2018-11-06 10:23:57.914247
0.8763431730268146, 2018-11-06 10:23:57.936258
0.8841274562042735, 2018-11-06 10:23:57.959025
0.8628194618151478, 2018-11-06 10:23:57.981209
0.8716736988406377, 2018-11-06 10:23:58.003074
0.873823362498634, 2018-11-06 10:23:58.025199
0.8685268335012913, 2018-11-06 10:23:58.047914
0.8820672391943777, 2018-11-06 10:23:58.070246
0.8754952595864001, 2018-11-06 10:23:58.092282
0.8778664775153884, 2018-11-06 10:23:58.114078
0.8896577501699398, 2018-11-06 10:23:58.136107
0.8767984844384356, 2018-11-06 10:23:58.159146
0.8800436840268745, 2018-11-06 10:23:58.185244
0.886983621839593, 2018-11-06 10:23:58.207832
0.8719391761595785, 2018-11-06 10:23:58.229757
0.8702093176226947, 2018-11-06 10:23:58.251981
0.8686174168032706, 2018-11-06 10:23:58.274916
0.8771723959519026, 2018-11-06 10:23:58.297056
0.8794098831014412, 2018-11-06 10:23:58.319051
0.8764114236092372, 2018-11-06 10:23:58.341352
0.875919472015198, 2018-11-06 10:23:58.364055
0.8686196126448288, 2018-11-06 10:23:58.386043
0.8736070035127974, 2018-11-06 10:23:58.408078
0.8755759999998088, 2018-11-06 10:23:58.430150
0.8757270789428766, 2018-11-06 10:23:58.452150
0.8725329087398976, 2018-11-06 10:23:58.475124
0.863323987360362, 2018-11-06 10:23:58.496942
0.8739722210247095, 2018-11-06 10:23:58.519201
0.8830165795943823, 2018-11-06 10:23:58.541351
0.8716403631784515, 2018-11-06 10:23:58.563305
0.8780248333692806, 2018-11-06 10:23:58.586608
0.8649212203782679, 2018-11-06 10:23:58.608931
0.8817611442945397, 2018-11-06 10:23:58.630675
0.8809364099079707, 2018-11-06 10:23:58.652708
0.8791799500593347, 2018-11-06 10:23:58.675706
0.8765265567910531, 2018-11-06 10:23:58.697808
0.8795970660218403, 2018-11-06 10:23:58.719764
0.8799486887125852, 2018-11-06 10:23:58.742402
0.8732430325177464, 2018-11-06 10:23:58.764363
0.8710879338502231, 2018-11-06 10:23:58.789964
0.8703216415281303, 2018-11-06 10:23:58.812022
0.8816316860220748, 2018-11-06 10:23:58.833720
0.8648012683224795, 2018-11-06 10:23:58.856002
0.8664831789500482, 2018-11-06 10:23:58.878525
0.8727304794174041, 2018-11-06 10:23:58.901275
0.8773022404920283, 2018-11-06 10:23:58.923070
0.8750808542224523, 2018-11-06 10:23:58.945140
0.8853060522359716, 2018-11-06 10:23:58.967017
0.883033690973036, 2018-11-06 10:23:58.989824
0.8755120073668251, 2018-11-06 10:23:59.011937
0.8679178959518373, 2018-11-06 10:23:59.033895
0.8696340124889567, 2018-11-06 10:23:59.056176
0.8741647957659672, 2018-11-06 10:23:59.078466
0.8807392588254699, 2018-11-06 10:23:59.100845
0.8749472057219213, 2018-11-06 10:23:59.123000
0.8754775923732255, 2018-11-06 10:23:59.145366
0.8718266846316926, 2018-11-06 10:23:59.167170
0.8823644800927619, 2018-11-06 10:23:59.190458
0.8794772857413367, 2018-11-06 10:23:59.213333
0.8607065462195226, 2018-11-06 10:23:59.235655
0.8709273585675902, 2018-11-06 10:23:59.257783
0.8799906843407603, 2018-11-06 10:23:59.279695
0.8860513469335572, 2018-11-06 10:23:59.302461
0.8762519939252993, 2018-11-06 10:23:59.324828
0.8799469614301277, 2018-11-06 10:23:59.346725
0.8793909050561168, 2018-11-06 10:23:59.368776
0.8775563024189689, 2018-11-06 10:23:59.390718
0.8764726303732282, 2018-11-06 10:23:59.413709
0.8819563098085946, 2018-11-06 10:23:59.435856
0.8776978047540234, 2018-11-06 10:23:59.458012
0.8749566067426179, 2018-11-06 10:23:59.479839
0.8635157616153665, 2018-11-06 10:23:59.502076
0.8724979663486335, 2018-11-06 10:23:59.525001
0.8743953659379812, 2018-11-06 10:23:59.547113
0.8784040584597262, 2018-11-06 10:23:59.569075
0.8812577389316422, 2018-11-06 10:23:59.591301
0.8754869536577532, 2018-11-06 10:23:59.613940
0.8712616489239154, 2018-11-06 10:23:59.635964
0.8804603569490475, 2018-11-06 10:23:59.658156
0.8697952719668898, 2018-11-06 10:23:59.680166
0.8741823190524788, 2018-11-06 10:23:59.706357
0.8747209376424003, 2018-11-06 10:23:59.729080
0.8786745910521152, 2018-11-06 10:23:59.750756
0.8910556220643854, 2018-11-06 10:23:59.773128
0.874893284148369, 2018-11-06 10:23:59.799473
0.8799825563110747, 2018-11-06 10:23:59.822292
0.8771553061366495, 2018-11-06 10:23:59.844433
0.8942821772275608, 2018-11-06 10:23:59.866335
0.8741426695580624, 2018-11-06 10:23:59.888033
0.8696365827321209, 2018-11-06 10:23:59.909884
0.8767984164585655, 2018-11-06 10:23:59.933158
0.8807119174187774, 2018-11-06 10:23:59.954887
0.8762910718448007, 2018-11-06 10:23:59.977307
0.872581613980925, 2018-11-06 10:23:59.999287
0.8675061576910547, 2018-11-06 10:24:00.022318
0.8786641783609115, 2018-11-06 10:24:00.044975
0.873558696602356, 2018-11-06 10:24:00.066655
0.872144809116845, 2018-11-06 10:24:00.088358
0.8830223846751923, 2018-11-06 10:24:00.109649
0.8654363667672212, 2018-11-06 10:24:00.132604
0.8748266184553904, 2018-11-06 10:24:00.154547
0.876820509638861, 2018-11-06 10:24:00.178032
0.8802160717926848, 2018-11-06 10:24:00.199770
0.8629795082218756, 2018-11-06 10:24:00.221250
0.8727455387181753, 2018-11-06 10:24:00.244583
0.8582793099954216, 2018-11-06 10:24:00.269256
0.8792622841157771, 2018-11-06 10:24:00.292796
0.8741601591955938, 2018-11-06 10:24:00.317582
0.8681204648651241, 2018-11-06 10:24:00.343196
0.875619702918771, 2018-11-06 10:24:00.367566
0.8770626144197071, 2018-11-06 10:24:00.390325
0.8749530302792572, 2018-11-06 10:24:00.415181
0.8798112067448647, 2018-11-06 10:24:00.440686
0.8739384615203385, 2018-11-06 10:24:00.465054
0.8766569389291873, 2018-11-06 10:24:00.487044
0.8684773518140895, 2018-11-06 10:24:00.512493
0.8765244487588485, 2018-11-06 10:24:00.538013
0.8762758354046117, 2018-11-06 10:24:00.559231
0.8766584687218323, 2018-11-06 10:24:00.583561
0.8732627243394884, 2018-11-06 10:24:00.608496
0.8678118202500777, 2018-11-06 10:24:00.632624
0.8693954951313303, 2018-11-06 10:24:00.657461
0.8657067518499953, 2018-11-06 10:24:00.679237
0.8762199208406755, 2018-11-06 10:24:00.704158
0.8740365991720254, 2018-11-06 10:24:00.725718
0.8751882963573971, 2018-11-06 10:24:00.747965
0.8768299925408827, 2018-11-06 10:24:00.770579
0.8790583500118322, 2018-11-06 10:24:00.794811
0.8839138554095317, 2018-11-06 10:24:00.819283
0.879654764816449, 2018-11-06 10:24:00.841660
0.8736129052332933, 2018-11-06 10:24:00.866369
0.8770299593224298, 2018-11-06 10:24:00.891293
0.8782180804677755, 2018-11-06 10:24:00.917850
0.8751871045201683, 2018-11-06 10:24:00.944289
0.8837662667553909, 2018-11-06 10:24:00.969061
0.8776249680284789, 2018-11-06 10:24:00.994143
0.8777025584560525, 2018-11-06 10:24:01.017844
0.8754624779425668, 2018-11-06 10:24:01.040579
0.8755057440067706, 2018-11-06 10:24:01.066149
0.891352072297183, 2018-11-06 10:24:01.093463
0.8782810615521703, 2018-11-06 10:24:01.118776
0.8739645826247389, 2018-11-06 10:24:01.140235
0.8760317441640697, 2018-11-06 10:24:01.162977
0.8785121797228638, 2018-11-06 10:24:01.186099
0.8758930689593551, 2018-11-06 10:24:01.209159
0.8726378641266382, 2018-11-06 10:24:01.231150
0.8802161733665652, 2018-11-06 10:24:01.255568
0.8791412717456993, 2018-11-06 10:24:01.281125
0.8795532896608255, 2018-11-06 10:24:01.306020
0.8767900209040865, 2018-11-06 10:24:01.330510
0.8728023587739576, 2018-11-06 10:24:01.355330
0.874870188484418, 2018-11-06 10:24:01.380651
0.8762551229438731, 2018-11-06 10:24:01.405494
0.8753861869348851, 2018-11-06 10:24:01.427276
0.8786154371851849, 2018-11-06 10:24:01.448834
0.8833512881691458, 2018-11-06 10:24:01.471683
0.8790542477933356, 2018-11-06 10:24:01.493604
0.876287602857157, 2018-11-06 10:24:01.515299
0.8657657894398804, 2018-11-06 10:24:01.540054
0.8745223171969966, 2018-11-06 10:24:01.561842
0.8858587993670756, 2018-11-06 10:24:01.586825
0.8733295776623738, 2018-11-06 10:24:01.611725
0.8792161522327455, 2018-11-06 10:24:01.633396
0.8797763840539401, 2018-11-06 10:24:01.655270
0.879250861531113, 2018-11-06 10:24:01.677937
0.8582465652632661, 2018-11-06 10:24:01.700319
0.8738764633976215, 2018-11-06 10:24:01.724710
0.8624843181345474, 2018-11-06 10:24:01.746712
0.8764824910631988, 2018-11-06 10:24:01.768448
0.8765759920928035, 2018-11-06 10:24:01.795661
0.8730865059888682, 2018-11-06 10:24:01.820338
0.8780137680577431, 2018-11-06 10:24:01.841775
0.8786090941889576, 2018-11-06 10:24:01.863585
0.874577318006974, 2018-11-06 10:24:01.889844
0.8807409507163141, 2018-11-06 10:24:01.914750
0.8790462806200734, 2018-11-06 10:24:01.936936
0.87430739238877, 2018-11-06 10:24:01.958832
0.8727438996232106, 2018-11-06 10:24:01.984839
0.8717400928434303, 2018-11-06 10:24:02.006819
0.878442396043767, 2018-11-06 10:24:02.028769
0.8694349155032495, 2018-11-06 10:24:02.050234
0.8735677714093608, 2018-11-06 10:24:02.072008
0.8673262613987041, 2018-11-06 10:24:02.095247
0.8767589192628833, 2018-11-06 10:24:02.120337
0.8734504398486125, 2018-11-06 10:24:02.145076
0.8770501098018599, 2018-11-06 10:24:02.169785
0.8639435449982202, 2018-11-06 10:24:02.193351
0.873292892577746, 2018-11-06 10:24:02.218513
0.8720033968106876, 2018-11-06 10:24:02.243162
0.8759851699797461, 2018-11-06 10:24:02.267831
0.8756723205174294, 2018-11-06 10:24:02.293695
0.8837393225061252, 2018-11-06 10:24:02.320186
0.8694044077196138, 2018-11-06 10:24:02.359521
0.873427544879992, 2018-11-06 10:24:02.401827
0.8772513173599766, 2018-11-06 10:24:02.441962
0.879050348972889, 2018-11-06 10:24:02.482450
0.8748214062581245, 2018-11-06 10:24:02.521005
0.8853632779948347, 2018-11-06 10:24:02.545564
0.8744479890452885, 2018-11-06 10:24:02.570348
0.8685662932979102, 2018-11-06 10:24:02.592097
0.8774897711176682, 2018-11-06 10:24:02.616570
0.8766859365443741, 2018-11-06 10:24:02.641186
0.8627955248308558, 2018-11-06 10:24:02.662771
0.8745976612964401, 2018-11-06 10:24:02.688060
0.8710149891917989, 2018-11-06 10:24:02.713611
0.8721760411263214, 2018-11-06 10:24:02.735412
0.8722615646356634, 2018-11-06 10:24:02.760369
0.8754018133453629, 2018-11-06 10:24:02.786420
0.8646799899079454, 2018-11-06 10:24:02.808941
0.8689317430811604, 2018-11-06 10:24:02.833336
0.8753394762626474, 2018-11-06 10:24:02.858099
0.8759903752525453, 2018-11-06 10:24:02.882909
0.8720261241144975, 2018-11-06 10:24:02.905513
0.871793799225261, 2018-11-06 10:24:02.929987
0.8769123773092611, 2018-11-06 10:24:02.951428
0.8719905120460297, 2018-11-06 10:24:02.973147
0.8703374615964232, 2018-11-06 10:24:02.997528
0.8725160013059604, 2018-11-06 10:24:03.022303
0.8779911278600092, 2018-11-06 10:24:03.043838
0.8676766399321335, 2018-11-06 10:24:03.068958
0.8771566312038149, 2018-11-06 10:24:03.090465
0.8707317746336287, 2018-11-06 10:24:03.116167
0.8732952472945769, 2018-11-06 10:24:03.137665
0.8784899594640165, 2018-11-06 10:24:03.159268
0.8768440297667177, 2018-11-06 10:24:03.183724
0.8773408300363078, 2018-11-06 10:24:03.209764
0.873039160231399, 2018-11-06 10:24:03.234289
0.8692789032052772, 2018-11-06 10:24:03.256022
0.8881528910929106, 2018-11-06 10:24:03.280488
0.8783127879201533, 2018-11-06 10:24:03.302586
0.8782265302398085, 2018-11-06 10:24:03.327367
0.8757419846211754, 2018-11-06 10:24:03.352425
0.8733887824323286, 2018-11-06 10:24:03.373923
0.8783540813799204, 2018-11-06 10:24:03.398375
0.8665150965296178, 2018-11-06 10:24:03.420435
0.8701501705199103, 2018-11-06 10:24:03.442008
0.8720973097156189, 2018-11-06 10:24:03.463466
0.8800305783312675, 2018-11-06 10:24:03.484926
0.8752589183288721, 2018-11-06 10:24:03.509616
0.8672802162437778, 2018-11-06 10:24:03.534662
0.8744104988139703, 2018-11-06 10:24:03.556097
0.8715470507357997, 2018-11-06 10:24:03.580584
0.8795628447490302, 2018-11-06 10:24:03.602185
0.8696884657497712, 2018-11-06 10:24:03.624774
0.8761403282632669, 2018-11-06 10:24:03.646417
0.8730496400110892, 2018-11-06 10:24:03.667698
0.8757128536525584, 2018-11-06 10:24:03.689163
0.8666773489758361, 2018-11-06 10:24:03.714021
0.8831328089450468, 2018-11-06 10:24:03.738824
0.8803176398189866, 2018-11-06 10:24:03.763291
0.8813715289573288, 2018-11-06 10:24:03.785218
0.8788452805458742, 2018-11-06 10:24:03.810395
0.8779934360328304, 2018-11-06 10:24:03.836363
0.875357214355199, 2018-11-06 10:24:03.857874
0.8725676789581928, 2018-11-06 10:24:03.879376
0.8727296940045653, 2018-11-06 10:24:03.900953
0.8649387241996846, 2018-11-06 10:24:03.922360
0.8881827213394218, 2018-11-06 10:24:03.946949
0.8718615513793229, 2018-11-06 10:24:03.971663
0.8750184261561715, 2018-11-06 10:24:03.994167
0.8841678713815183, 2018-11-06 10:24:04.018986
0.8733002979701329, 2018-11-06 10:24:04.041012
0.8752275579735759, 2018-11-06 10:24:04.062471
0.8691217656178932, 2018-11-06 10:24:04.087587
0.8779271415359532, 2018-11-06 10:24:04.109098
0.8713939474494939, 2018-11-06 10:24:04.133488
0.8713496905612993, 2018-11-06 10:24:04.158289
0.8723905344939745, 2018-11-06 10:24:04.179810
0.8754563503963403, 2018-11-06 10:24:04.203930
0.8732695839512705, 2018-11-06 10:24:04.225554
0.8712221743766335, 2018-11-06 10:24:04.251004
0.8753192183084549, 2018-11-06 10:24:04.272612
0.8765663704472191, 2018-11-06 10:24:04.297158
0.8814610289464305, 2018-11-06 10:24:04.321931
0.8780402431106908, 2018-11-06 10:24:04.347650
0.876758001492778, 2018-11-06 10:24:04.372806
0.8738110843748207, 2018-11-06 10:24:04.397359
0.8770260515030062, 2018-11-06 10:24:04.422159
0.8722833627348525, 2018-11-06 10:24:04.448140
0.8771796666669738, 2018-11-06 10:24:04.473476
0.877782586560041, 2018-11-06 10:24:04.498254
0.8761290350554533, 2018-11-06 10:24:04.523152
0.8707183576426286, 2018-11-06 10:24:04.549046
0.871445794236848, 2018-11-06 10:24:04.574434
0.872968631796951, 2018-11-06 10:24:04.599312
0.8704914696597005, 2018-11-06 10:24:04.621617
0.8772531178947086, 2018-11-06 10:24:04.646132
0.8715448622698692, 2018-11-06 10:24:04.672287
0.8783553028495791, 2018-11-06 10:24:04.696671
0.8772115687651567, 2018-11-06 10:24:04.721219
0.8843964402258706, 2018-11-06 10:24:04.745874
0.8800890952762891, 2018-11-06 10:24:04.771064
0.8769568292416373, 2018-11-06 10:24:04.796349
0.8812293314031819, 2018-11-06 10:24:04.818612
0.8722775545171447, 2018-11-06 10:24:04.843308
0.8717372894913932, 2018-11-06 10:24:04.866238
0.8832128174160127, 2018-11-06 10:24:04.891706
0.8752135288732354, 2018-11-06 10:24:04.916248
0.8752332785130553, 2018-11-06 10:24:04.938323
0.8688764534999701, 2018-11-06 10:24:04.964797
0.8716466201230041, 2018-11-06 10:24:04.987219
0.8708300683235641, 2018-11-06 10:24:05.009256
0.8740222440743424, 2018-11-06 10:24:05.034055
0.8792932972100169, 2018-11-06 10:24:05.056334
0.8753193885453174, 2018-11-06 10:24:05.081235
0.8728459615606653, 2018-11-06 10:24:05.103247
0.8734556602268859, 2018-11-06 10:24:05.128164
0.8706423697618185, 2018-11-06 10:24:05.153285
0.8663149043397211, 2018-11-06 10:24:05.176071
0.8690797591596034, 2018-11-06 10:24:05.201993
0.8779360354048698, 2018-11-06 10:24:05.226752
0.8752104642340104, 2018-11-06 10:24:05.251825
0.8713683991182858, 2018-11-06 10:24:05.277555
0.8808196200515629, 2018-11-06 10:24:05.302330
0.8664232615253256, 2018-11-06 10:24:05.327006
0.8706663306203002, 2018-11-06 10:24:05.354210
0.8735743898181789, 2018-11-06 10:24:05.380021
0.8731512566279618, 2018-11-06 10:24:05.402685
0.8861087599902184, 2018-11-06 10:24:05.427586
0.8763556537247524, 2018-11-06 10:24:05.452803
0.8758207627025577, 2018-11-06 10:24:05.476505
0.8735056105042122, 2018-11-06 10:24:05.501370
0.8735702277318871, 2018-11-06 10:24:05.523260
0.8628556250903514, 2018-11-06 10:24:05.548247
0.877731725249898, 2018-11-06 10:24:05.570610
0.8727077021580977, 2018-11-06 10:24:05.595474
0.8773884871397718, 2018-11-06 10:24:05.617513
0.8732458310359468, 2018-11-06 10:24:05.642935
0.8620380062677229, 2018-11-06 10:24:05.664914
0.8822106529492052, 2018-11-06 10:24:05.691108
0.8794959230659203, 2018-11-06 10:24:05.716162
0.871627199514577, 2018-11-06 10:24:05.738585
0.8762667546323409, 2018-11-06 10:24:05.760662
0.8796480227568138, 2018-11-06 10:24:05.783111
0.8766350456041885, 2018-11-06 10:24:05.808297
0.8778261456730955, 2018-11-06 10:24:05.830315
0.8727787638753847, 2018-11-06 10:24:05.855324
0.871194568496163, 2018-11-06 10:24:05.879822
0.8810706043940907, 2018-11-06 10:24:05.905738
0.8702481874437752, 2018-11-06 10:24:05.930715
0.8723143506310288, 2018-11-06 10:24:05.953101
0.8735943129729912, 2018-11-06 10:24:05.977977
0.8757137725180049, 2018-11-06 10:24:06.004026
0.876657482855767, 2018-11-06 10:24:06.026147
0.8701981871779577, 2018-11-06 10:24:06.050889
0.8715155226178062, 2018-11-06 10:24:06.073155
0.8741847054651002, 2018-11-06 10:24:06.097777
0.8846732253442633, 2018-11-06 10:24:06.123087
0.88277107749241, 2018-11-06 10:24:06.147572
0.8852006125044223, 2018-11-06 10:24:06.172317
0.8745061979646717, 2018-11-06 10:24:06.196997
0.8811589850101775, 2018-11-06 10:24:06.222731
0.8730494010598593, 2018-11-06 10:24:06.247121
0.8762471983425393, 2018-11-06 10:24:06.272267
0.8713332048088666, 2018-11-06 10:24:06.297117
0.874922442404952, 2018-11-06 10:24:06.323368
0.8851456657510847, 2018-11-06 10:24:06.347887
0.8809166528049037, 2018-11-06 10:24:06.370583
0.8843544179186064, 2018-11-06 10:24:06.396416
0.8743822778340273, 2018-11-06 10:24:06.422326
0.8716544155976412, 2018-11-06 10:24:06.446802
0.8741912851118716, 2018-11-06 10:24:06.471338
0.8767838006641059, 2018-11-06 10:24:06.495993
